"Vaccinedato";"geo";"Antal påbegyndt vacc. personer";"Antal borgere";"Påbegyndtvacc. (%)";"Kumuleret antal påbegyndt vacc."
2020-12-01;Nationalt;1;5873894;0.00;1
2020-12-08;Nationalt;1;5873894;0.00;2
2020-12-16;Nationalt;1;5873894;0.00;3
2020-12-17;Nationalt;1;5873894;0.00;4
2020-12-18;Nationalt;1;5873894;0.00;5
2020-12-19;Nationalt;1;5873894;0.00;6
2020-12-21;Nationalt;3;5873894;0.00;9
2020-12-22;Nationalt;5;5873894;0.00;14
2020-12-23;Nationalt;4;5873894;0.00;18
2020-12-24;Nationalt;4;5873894;0.00;22
2020-12-26;Nationalt;5;5873894;0.00;27
2020-12-27;Nationalt;5855;5873894;0.10;5882
2020-12-28;Nationalt;1929;5873894;0.13;7811
2020-12-29;Nationalt;8284;5873894;0.27;16095
2020-12-30;Nationalt;10596;5873894;0.45;26691
2020-12-31;Nationalt;5557;5873894;0.55;32248
2021-01-01;Nationalt;2111;5873894;0.58;34359
2021-01-02;Nationalt;7914;5873894;0.72;42273
2021-01-03;Nationalt;5233;5873894;0.81;47506
2021-01-04;Nationalt;2341;5873894;0.85;49847
2021-01-05;Nationalt;12371;5873894;1.06;62218
2021-01-06;Nationalt;17862;5873894;1.36;80080
2021-01-07;Nationalt;15834;5873894;1.63;95914
2021-01-08;Nationalt;7684;5873894;1.76;103598
2021-01-09;Nationalt;1840;5873894;1.80;105438
2021-01-10;Nationalt;820;5873894;1.81;106258
2021-01-11;Nationalt;664;5873894;1.82;106922
2021-01-12;Nationalt;465;5873894;1.83;107387
2021-01-13;Nationalt;12084;5873894;2.03;119471
2021-01-14;Nationalt;16774;5873894;2.32;136245
2021-01-15;Nationalt;14178;5873894;2.56;150423
2021-01-16;Nationalt;4304;5873894;2.63;154727
2021-01-17;Nationalt;2279;5873894;2.67;157006
2021-01-18;Nationalt;3606;5873894;2.73;160612
2021-01-19;Nationalt;2320;5873894;2.77;162932
2021-01-20;Nationalt;1416;5873894;2.80;164348
2021-01-21;Nationalt;1453;5873894;2.82;165801
2021-01-22;Nationalt;642;5873894;2.83;166443
2021-01-23;Nationalt;681;5873894;2.85;167124
2021-01-24;Nationalt;557;5873894;2.85;167681
2021-01-25;Nationalt;277;5873894;2.86;167958
2021-01-26;Nationalt;213;5873894;2.86;168171
2021-01-27;Nationalt;205;5873894;2.87;168376
2021-01-28;Nationalt;235;5873894;2.87;168611
2021-01-29;Nationalt;1040;5873894;2.89;169651
2021-01-30;Nationalt;1119;5873894;2.91;170770
2021-01-31;Nationalt;1130;5873894;2.93;171900
2021-02-01;Nationalt;724;5873894;2.94;172624
2021-02-02;Nationalt;1871;5873894;2.97;174495
2021-02-03;Nationalt;1397;5873894;2.99;175892
2021-02-04;Nationalt;1322;5873894;3.02;177214
2021-02-05;Nationalt;1518;5873894;3.04;178732
2021-02-06;Nationalt;957;5873894;3.06;179689
2021-02-07;Nationalt;1754;5873894;3.09;181443
2021-02-08;Nationalt;2367;5873894;3.13;183810
2021-02-09;Nationalt;3386;5873894;3.19;187196
2021-02-10;Nationalt;3187;5873894;3.24;190383
2021-02-11;Nationalt;5605;5873894;3.34;195988
2021-02-12;Nationalt;11832;5873894;3.54;207820
2021-02-13;Nationalt;6328;5873894;3.65;214148
2021-02-14;Nationalt;6023;5873894;3.75;220171
2021-02-15;Nationalt;13255;5873894;3.97;233426
2021-02-16;Nationalt;12740;5873894;4.19;246166
2021-02-17;Nationalt;10073;5873894;4.36;256239
2021-02-18;Nationalt;11208;5873894;4.55;267447
2021-02-19;Nationalt;13529;5873894;4.78;280976
2021-02-20;Nationalt;10094;5873894;4.96;291070
2021-02-21;Nationalt;10424;5873894;5.13;301494
2021-02-22;Nationalt;13155;5873894;5.36;314649
2021-02-23;Nationalt;14040;5873894;5.60;328689
2021-02-24;Nationalt;13369;5873894;5.82;342058
2021-02-25;Nationalt;14355;5873894;6.07;356413
2021-02-26;Nationalt;35389;5873894;6.67;391802
2021-02-27;Nationalt;6486;5873894;6.78;398288
2021-02-28;Nationalt;10612;5873894;6.96;408900
2021-03-01;Nationalt;19249;5873894;7.29;428149
2021-03-02;Nationalt;16421;5873894;7.57;444570
2021-03-03;Nationalt;12847;5873894;7.79;457417
2021-03-04;Nationalt;17248;5873894;8.08;474665
2021-03-05;Nationalt;16308;5873894;8.36;490973
2021-03-06;Nationalt;14375;5873894;8.60;505348
2021-03-07;Nationalt;11736;5873894;8.80;517084
2021-03-08;Nationalt;9405;5873894;8.96;526489
2021-03-09;Nationalt;10723;5873894;9.15;537212
2021-03-10;Nationalt;11865;5873894;9.35;549077
2021-03-11;Nationalt;4425;5873894;9.42;553502
2021-03-12;Nationalt;3240;5873894;9.48;556742
2021-03-13;Nationalt;4449;5873894;9.55;561191
2021-03-14;Nationalt;1209;5873894;9.57;562400
2021-03-15;Nationalt;2764;5873894;9.62;565164
2021-03-16;Nationalt;6663;5873894;9.74;571827
2021-03-17;Nationalt;10551;5873894;9.91;582378
2021-03-18;Nationalt;14406;5873894;10.2;596784
2021-03-19;Nationalt;7722;5873894;10.3;604506
2021-03-20;Nationalt;2959;5873894;10.3;607465
2021-03-21;Nationalt;4913;5873894;10.4;612378
2021-03-22;Nationalt;4065;5873894;10.5;616443
2021-03-23;Nationalt;6013;5873894;10.6;622456
2021-03-24;Nationalt;9714;5873894;10.8;632170
2021-03-25;Nationalt;7645;5873894;10.9;639815
2021-03-26;Nationalt;6098;5873894;11.0;645913
2021-03-27;Nationalt;9861;5873894;11.2;655774
2021-03-28;Nationalt;10660;5873894;11.3;666434
2021-03-29;Nationalt;17767;5873894;11.6;684201
2021-03-30;Nationalt;21392;5873894;12.0;705593
2021-03-31;Nationalt;12955;5873894;12.2;718548
2021-04-01;Nationalt;4203;5873894;12.3;722751
2021-04-02;Nationalt;4887;5873894;12.4;727638
2021-04-03;Nationalt;12015;5873894;12.6;739653
2021-04-04;Nationalt;11582;5873894;12.8;751235
2021-04-05;Nationalt;12245;5873894;13.0;763480
2021-04-06;Nationalt;15913;5873894;13.3;779393
2021-04-07;Nationalt;16528;5873894;13.6;795921
2021-04-08;Nationalt;13711;5873894;13.8;809632
2021-04-09;Nationalt;16380;5873894;14.1;826012
2021-04-10;Nationalt;16670;5873894;14.3;842682
2021-04-11;Nationalt;14840;5873894;14.6;857522
2021-04-12;Nationalt;93516;5873894;16.2;951038
2021-04-13;Nationalt;18477;5873894;16.5;969515
2021-04-14;Nationalt;11438;5873894;16.7;980953
2021-04-15;Nationalt;15252;5873894;17.0;996205
2021-04-16;Nationalt;17346;5873894;17.3;1013551
2021-04-17;Nationalt;18732;5873894;17.6;1032283
2021-04-18;Nationalt;14452;5873894;17.8;1046735
2021-04-19;Nationalt;24755;5873894;18.2;1071490
2021-04-20;Nationalt;21963;5873894;18.6;1093453
2021-04-21;Nationalt;22480;5873894;19.0;1115933
2021-04-22;Nationalt;28189;5873894;19.5;1144122
2021-04-23;Nationalt;22121;5873894;19.9;1166243
2021-04-24;Nationalt;14866;5873894;20.1;1181109
2021-04-25;Nationalt;15167;5873894;20.4;1196276
2021-04-26;Nationalt;31408;5873894;20.9;1227684
2021-04-27;Nationalt;26476;5873894;21.4;1254160
2021-04-28;Nationalt;24062;5873894;21.8;1278222
2021-04-29;Nationalt;25853;5873894;22.2;1304075
2021-04-30;Nationalt;13429;5873894;22.4;1317504
2021-05-01;Nationalt;7324;5873894;22.6;1324828
2021-05-02;Nationalt;16628;5873894;22.8;1341456
2021-05-03;Nationalt;20421;5873894;23.2;1361877
2021-05-04;Nationalt;27602;5873894;23.7;1389479
2021-05-05;Nationalt;26785;5873894;24.1;1416264
2021-05-06;Nationalt;21524;5873894;24.5;1437788
2021-05-07;Nationalt;16479;5873894;24.8;1454267
2021-05-08;Nationalt;9493;5873894;24.9;1463760
2021-05-09;Nationalt;15908;5873894;25.2;1479668
2021-05-10;Nationalt;26541;5873894;25.6;1506209
2021-05-11;Nationalt;29679;5873894;26.1;1535888
2021-05-12;Nationalt;26182;5873894;26.6;1562070
2021-05-13;Nationalt;19701;5873894;26.9;1581771
2021-05-14;Nationalt;20612;5873894;27.3;1602383
2021-05-15;Nationalt;15439;5873894;27.5;1617822
2021-05-16;Nationalt;19954;5873894;27.9;1637776
2021-05-17;Nationalt;31050;5873894;28.4;1668826
2021-05-18;Nationalt;29599;5873894;28.9;1698425
2021-05-19;Nationalt;31759;5873894;29.5;1730184
2021-05-20;Nationalt;32480;5873894;30.0;1762664
2021-05-21;Nationalt;35286;5873894;30.6;1797950
2021-05-22;Nationalt;25958;5873894;31.1;1823908
2021-05-23;Nationalt;22560;5873894;31.4;1846468
2021-05-24;Nationalt;23443;5873894;31.8;1869911
2021-05-25;Nationalt;43444;5873894;32.6;1913355
2021-05-26;Nationalt;47402;5873894;33.4;1960757
2021-05-27;Nationalt;49303;5873894;34.2;2010060
2021-05-28;Nationalt;41014;5873894;34.9;2051074
2021-05-29;Nationalt;29803;5873894;35.4;2080877
2021-05-30;Nationalt;25819;5873894;35.9;2106696
2021-05-31;Nationalt;36138;5873894;36.5;2142834
2021-06-01;Nationalt;39773;5873894;37.2;2182607
2021-06-02;Nationalt;42666;5873894;37.9;2225273
2021-06-03;Nationalt;36216;5873894;38.5;2261489
2021-06-04;Nationalt;41380;5873894;39.2;2302869
2021-06-05;Nationalt;34961;5873894;39.8;2337830
2021-06-06;Nationalt;29945;5873894;40.3;2367775
2021-06-07;Nationalt;53557;5873894;41.2;2421332
2021-06-08;Nationalt;53531;5873894;42.1;2474863
2021-06-09;Nationalt;52801;5873894;43.0;2527664
2021-06-10;Nationalt;58839;5873894;44.0;2586503
2021-06-11;Nationalt;48434;5873894;44.9;2634937
2021-06-12;Nationalt;33482;5873894;45.4;2668419
2021-06-13;Nationalt;33546;5873894;46.0;2701965
2021-06-14;Nationalt;52426;5873894;46.9;2754391
2021-06-15;Nationalt;60302;5873894;47.9;2814693
2021-06-16;Nationalt;51879;5873894;48.8;2866572
2021-06-17;Nationalt;50953;5873894;49.7;2917525
2021-06-18;Nationalt;34900;5873894;50.3;2952425
2021-06-19;Nationalt;23681;5873894;50.7;2976106
2021-06-20;Nationalt;29106;5873894;51.2;3005212
2021-06-21;Nationalt;39409;5873894;51.8;3044621
2021-06-22;Nationalt;46399;5873894;52.6;3091020
2021-06-23;Nationalt;38405;5873894;53.3;3129425
2021-06-24;Nationalt;33799;5873894;53.9;3163224
2021-06-25;Nationalt;29093;5873894;54.3;3192317
2021-06-26;Nationalt;19042;5873894;54.7;3211359
2021-06-27;Nationalt;16122;5873894;54.9;3227481
2021-06-28;Nationalt;30581;5873894;55.5;3258062
2021-06-29;Nationalt;30547;5873894;56.0;3288609
2021-06-30;Nationalt;32794;5873894;56.5;3321403
2021-07-01;Nationalt;31706;5873894;57.1;3353109
2021-07-02;Nationalt;19620;5873894;57.4;3372729
2021-07-03;Nationalt;11597;5873894;57.6;3384326
2021-07-04;Nationalt;12826;5873894;57.8;3397152
2021-07-05;Nationalt;32553;5873894;58.4;3429705
2021-07-06;Nationalt;40236;5873894;59.1;3469941
2021-07-07;Nationalt;46389;5873894;59.9;3516330
2021-07-08;Nationalt;47217;5873894;60.7;3563547
2021-07-09;Nationalt;45039;5873894;61.4;3608586
2021-07-10;Nationalt;30742;5873894;62.0;3639328
2021-07-11;Nationalt;34588;5873894;62.5;3673916
2021-07-12;Nationalt;35530;5873894;63.2;3709446
2021-07-13;Nationalt;40728;5873894;63.8;3750174
2021-07-14;Nationalt;43082;5873894;64.6;3793256
2021-07-15;Nationalt;33109;5873894;65.1;3826365
2021-07-16;Nationalt;30070;5873894;65.7;3856435
2021-07-17;Nationalt;24385;5873894;66.1;3880820
2021-07-18;Nationalt;20389;5873894;66.4;3901209
2021-07-19;Nationalt;32606;5873894;67.0;3933815
2021-07-20;Nationalt;33052;5873894;67.5;3966867
2021-07-21;Nationalt;30101;5873894;68.0;3996968
2021-07-22;Nationalt;24394;5873894;68.5;4021362
2021-07-23;Nationalt;24800;5873894;68.9;4046162
2021-07-24;Nationalt;17578;5873894;69.2;4063740
2021-07-25;Nationalt;13423;5873894;69.4;4077163
2021-07-26;Nationalt;25049;5873894;69.8;4102212
2021-07-27;Nationalt;23150;5873894;70.2;4125362
2021-07-28;Nationalt;19050;5873894;70.6;4144412
2021-07-29;Nationalt;18881;5873894;70.9;4163293
2021-07-30;Nationalt;14246;5873894;71.1;4177539
2021-07-31;Nationalt;6496;5873894;71.2;4184035
2021-08-01;Nationalt;8820;5873894;71.4;4192855
2021-08-02;Nationalt;16379;5873894;71.7;4209234
2021-08-03;Nationalt;13550;5873894;71.9;4222784
2021-08-04;Nationalt;11459;5873894;72.1;4234243
2021-08-05;Nationalt;11496;5873894;72.3;4245739
2021-08-06;Nationalt;10006;5873894;72.5;4255745
2021-08-07;Nationalt;7766;5873894;72.6;4263511
2021-08-08;Nationalt;4121;5873894;72.7;4267632
2021-08-09;Nationalt;10019;5873894;72.8;4277651
2021-08-10;Nationalt;9924;5873894;73.0;4287575
2021-08-11;Nationalt;6282;5873894;73.1;4293857
2021-08-12;Nationalt;6039;5873894;73.2;4299896
2021-08-13;Nationalt;6456;5873894;73.3;4306352
2021-08-14;Nationalt;4343;5873894;73.4;4310695
2021-08-15;Nationalt;4518;5873894;73.5;4315213
2021-08-16;Nationalt;7270;5873894;73.6;4322483
2021-08-17;Nationalt;7189;5873894;73.7;4329672
2021-08-18;Nationalt;5563;5873894;73.8;4335235
2021-08-19;Nationalt;6214;5873894;73.9;4341449
2021-08-20;Nationalt;4982;5873894;74.0;4346431
2021-08-21;Nationalt;4545;5873894;74.1;4350976
2021-08-22;Nationalt;3036;5873894;74.1;4354012
2021-08-23;Nationalt;5688;5873894;74.2;4359700
2021-08-24;Nationalt;5826;5873894;74.3;4365526
2021-08-25;Nationalt;4972;5873894;74.4;4370498
2021-08-26;Nationalt;4507;5873894;74.5;4375005
2021-08-27;Nationalt;4647;5873894;74.6;4379652
2021-08-28;Nationalt;2717;5873894;74.6;4382369
2021-08-29;Nationalt;2404;5873894;74.6;4384773
2021-08-30;Nationalt;4107;5873894;74.7;4388880
2021-08-31;Nationalt;3668;5873894;74.8;4392548
2021-09-01;Nationalt;2981;5873894;74.8;4395529
2021-09-02;Nationalt;2925;5873894;74.9;4398454
2021-09-03;Nationalt;2664;5873894;74.9;4401118
2021-09-04;Nationalt;1840;5873894;75.0;4402958
2021-09-05;Nationalt;2113;5873894;75.0;4405071
2021-09-06;Nationalt;2160;5873894;75.0;4407231
2021-09-07;Nationalt;2244;5873894;75.1;4409475
2021-09-08;Nationalt;2321;5873894;75.1;4411796
2021-09-09;Nationalt;1959;5873894;75.1;4413755
2021-09-10;Nationalt;2135;5873894;75.2;4415890
2021-09-11;Nationalt;1829;5873894;75.2;4417719
2021-09-12;Nationalt;1356;5873894;75.2;4419075
2021-09-13;Nationalt;1908;5873894;75.3;4420983
2021-09-14;Nationalt;1790;5873894;75.3;4422773
2021-09-15;Nationalt;1746;5873894;75.3;4424519
2021-09-16;Nationalt;1661;5873894;75.4;4426180
2021-09-17;Nationalt;1610;5873894;75.4;4427790
2021-09-18;Nationalt;1126;5873894;75.4;4428916
2021-09-19;Nationalt;999;5873894;75.4;4429915
2021-09-20;Nationalt;1730;5873894;75.4;4431645
2021-09-21;Nationalt;1458;5873894;75.5;4433103
2021-09-22;Nationalt;1480;5873894;75.5;4434583
2021-09-23;Nationalt;1197;5873894;75.5;4435780
2021-09-24;Nationalt;1177;5873894;75.5;4436957
2021-09-25;Nationalt;893;5873894;75.6;4437850
2021-09-26;Nationalt;827;5873894;75.6;4438677
2021-09-27;Nationalt;1102;5873894;75.6;4439779
2021-09-28;Nationalt;1210;5873894;75.6;4440989
2021-09-29;Nationalt;1271;5873894;75.6;4442260
2021-09-30;Nationalt;1106;5873894;75.6;4443366
2021-10-01;Nationalt;1034;5873894;75.7;4444400
2021-10-02;Nationalt;706;5873894;75.7;4445106
2021-10-03;Nationalt;441;5873894;75.7;4445547
2021-10-04;Nationalt;783;5873894;75.7;4446330
2021-10-05;Nationalt;1199;5873894;75.7;4447529
2021-10-06;Nationalt;1348;5873894;75.7;4448877
2021-10-07;Nationalt;911;5873894;75.8;4449788
2021-10-08;Nationalt;1076;5873894;75.8;4450864
2021-10-09;Nationalt;738;5873894;75.8;4451602
2021-10-10;Nationalt;440;5873894;75.8;4452042
2021-10-11;Nationalt;760;5873894;75.8;4452802
2021-10-12;Nationalt;1149;5873894;75.8;4453951
2021-10-13;Nationalt;1126;5873894;75.8;4455077
2021-10-14;Nationalt;839;5873894;75.9;4455916
2021-10-15;Nationalt;1055;5873894;75.9;4456971
2021-10-16;Nationalt;664;5873894;75.9;4457635
2021-10-17;Nationalt;359;5873894;75.9;4457994
2021-10-18;Nationalt;788;5873894;75.9;4458782
2021-10-19;Nationalt;1148;5873894;75.9;4459930
2021-10-20;Nationalt;1198;5873894;75.9;4461128
2021-10-21;Nationalt;1138;5873894;76.0;4462266
2021-10-22;Nationalt;1229;5873894;76.0;4463495
2021-10-23;Nationalt;675;5873894;76.0;4464170
2021-10-24;Nationalt;530;5873894;76.0;4464700
2021-10-25;Nationalt;1123;5873894;76.0;4465823
2021-10-26;Nationalt;1559;5873894;76.1;4467382
2021-10-27;Nationalt;1743;5873894;76.1;4469125
2021-10-28;Nationalt;1659;5873894;76.1;4470784
2021-10-29;Nationalt;1598;5873894;76.1;4472382
2021-10-30;Nationalt;1050;5873894;76.2;4473432
2021-10-31;Nationalt;624;5873894;76.2;4474056
2021-11-01;Nationalt;1723;5873894;76.2;4475779
2021-11-02;Nationalt;1928;5873894;76.2;4477707
2021-11-03;Nationalt;2249;5873894;76.3;4479956
2021-11-04;Nationalt;1739;5873894;76.3;4481695
2021-11-05;Nationalt;2201;5873894;76.3;4483896
2021-11-06;Nationalt;1546;5873894;76.4;4485442
2021-11-07;Nationalt;875;5873894;76.4;4486317
2021-11-08;Nationalt;2468;5873894;76.4;4488785
2021-11-09;Nationalt;4922;5873894;76.5;4493707
2021-11-10;Nationalt;5295;5873894;76.6;4499002
2021-11-11;Nationalt;4276;5873894;76.7;4503278
2021-11-12;Nationalt;4315;5873894;76.7;4507593
2021-11-13;Nationalt;3180;5873894;76.8;4510773
2021-11-14;Nationalt;2358;5873894;76.8;4513131
2021-11-15;Nationalt;5224;5873894;76.9;4518355
2021-11-16;Nationalt;4478;5873894;77.0;4522833
2021-11-17;Nationalt;4175;5873894;77.1;4527008
2021-11-18;Nationalt;3471;5873894;77.1;4530479
2021-11-19;Nationalt;3206;5873894;77.2;4533685
2021-11-20;Nationalt;2243;5873894;77.2;4535928
2021-11-21;Nationalt;1327;5873894;77.2;4537255
2021-11-22;Nationalt;3108;5873894;77.3;4540363
2021-11-23;Nationalt;3084;5873894;77.3;4543447
2021-11-24;Nationalt;2825;5873894;77.4;4546272
2021-11-25;Nationalt;2774;5873894;77.4;4549046
2021-11-26;Nationalt;2739;5873894;77.5;4551785
2021-11-27;Nationalt;2224;5873894;77.5;4554009
2021-11-28;Nationalt;3267;5873894;77.6;4557276
2021-11-29;Nationalt;4063;5873894;77.7;4561339
2021-11-30;Nationalt;4896;5873894;77.7;4566235
2021-12-01;Nationalt;5074;5873894;77.8;4571309
2021-12-02;Nationalt;5578;5873894;77.9;4576887
2021-12-03;Nationalt;5154;5873894;78.0;4582041
2021-12-04;Nationalt;6197;5873894;78.1;4588238
2021-12-05;Nationalt;9501;5873894;78.3;4597739
2021-12-06;Nationalt;7618;5873894;78.4;4605357
2021-12-07;Nationalt;10147;5873894;78.6;4615504
2021-12-08;Nationalt;10860;5873894;78.8;4626364
2021-12-09;Nationalt;11097;5873894;79.0;4637461
2021-12-10;Nationalt;10297;5873894;79.1;4647758
2021-12-11;Nationalt;9385;5873894;79.3;4657143
2021-12-12;Nationalt;12450;5873894;79.5;4669593
2021-12-13;Nationalt;8949;5873894;79.6;4678542
2021-12-14;Nationalt;11042;5873894;79.8;4689584
2021-12-15;Nationalt;14323;5873894;80.1;4703907
2021-12-16;Nationalt;14931;5873894;80.3;4718838
2021-12-17;Nationalt;13028;5873894;80.6;4731866
2021-12-18;Nationalt;10739;5873894;80.7;4742605
2021-12-19;Nationalt;9708;5873894;80.9;4752313
2021-12-20;Nationalt;10461;5873894;81.1;4762774
2021-12-21;Nationalt;9336;5873894;81.2;4772110
2021-12-22;Nationalt;6958;5873894;81.4;4779068
2021-12-23;Nationalt;2936;5873894;81.4;4782004
2021-12-24;Nationalt;282;5873894;81.4;4782286
2021-12-25;Nationalt;618;5873894;81.4;4782904
2021-12-26;Nationalt;1532;5873894;81.5;4784436
2021-12-27;Nationalt;6301;5873894;81.6;4790737
2021-12-28;Nationalt;5205;5873894;81.6;4795942
2021-12-29;Nationalt;5361;5873894;81.7;4801303
2021-12-30;Nationalt;2912;5873894;81.8;4804215
2021-12-31;Nationalt;286;5873894;81.8;4804501
2022-01-01;Nationalt;351;5873894;81.8;4804852
2022-01-02;Nationalt;2122;5873894;81.8;4806974
2022-01-03;Nationalt;3862;5873894;81.9;4810836
2022-01-04;Nationalt;3479;5873894;82.0;4814315
2022-01-05;Nationalt;2730;5873894;82.0;4817045
2022-01-06;Nationalt;2581;5873894;82.1;4819626
2022-01-07;Nationalt;3055;5873894;82.1;4822681
2022-01-08;Nationalt;2272;5873894;82.1;4824953
2022-01-09;Nationalt;1476;5873894;82.2;4826429
2022-01-10;Nationalt;1897;5873894;82.2;4828326
2022-01-11;Nationalt;1794;5873894;82.2;4830120
2022-01-12;Nationalt;1715;5873894;82.3;4831835
2022-01-13;Nationalt;1654;5873894;82.3;4833489
