"Vaccinedato","geo","Antal påbegyndt vacc. personer","Antal borgere","Påbegyndtvacc. (%)","Kumuleret antal påbegyndt vacc."
2020-12-27,Nationalt,6377,5844847,0.11,6377
2020-12-28,Nationalt,2020,5844847,0.14,8397
2020-12-29,Nationalt,8813,5844847,0.29,17210
2020-12-30,Nationalt,11284,5844847,0.49,28494
2020-12-31,Nationalt,6069,5844847,0.59,34563
2021-01-01,Nationalt,2293,5844847,0.63,36856
2021-01-02,Nationalt,8722,5844847,0.78,45578
2021-01-03,Nationalt,5870,5844847,0.88,51448
2021-01-04,Nationalt,2394,5844847,0.92,53842
2021-01-05,Nationalt,13325,5844847,1.15,67167
2021-01-06,Nationalt,19443,5844847,1.48,86610
2021-01-07,Nationalt,17254,5844847,1.78,103864
2021-01-08,Nationalt,8337,5844847,1.92,112201
2021-01-09,Nationalt,1895,5844847,1.95,114096
2021-01-10,Nationalt,813,5844847,1.97,114909
2021-01-11,Nationalt,658,5844847,1.98,115567
2021-01-12,Nationalt,462,5844847,1.99,116029
2021-01-13,Nationalt,12639,5844847,2.20,128668
2021-01-14,Nationalt,17772,5844847,2.51,146440
2021-01-15,Nationalt,15092,5844847,2.76,161532
2021-01-16,Nationalt,4573,5844847,2.84,166105
2021-01-17,Nationalt,2491,5844847,2.88,168596
2021-01-18,Nationalt,3834,5844847,2.95,172430
2021-01-19,Nationalt,2467,5844847,2.99,174897
2021-01-20,Nationalt,1494,5844847,3.02,176391
2021-01-21,Nationalt,1511,5844847,3.04,177902
2021-01-22,Nationalt,658,5844847,3.05,178560
2021-01-23,Nationalt,744,5844847,3.07,179304
2021-01-24,Nationalt,599,5844847,3.08,179903
2021-01-25,Nationalt,276,5844847,3.08,180179
2021-01-26,Nationalt,216,5844847,3.09,180395
2021-01-27,Nationalt,202,5844847,3.09,180597
2021-01-28,Nationalt,219,5844847,3.09,180816
2021-01-29,Nationalt,1105,5844847,3.11,181921
2021-01-30,Nationalt,1192,5844847,3.13,183113
2021-01-31,Nationalt,1209,5844847,3.15,184322
2021-02-01,Nationalt,748,5844847,3.17,185070
2021-02-02,Nationalt,2023,5844847,3.20,187093
2021-02-03,Nationalt,1532,5844847,3.23,188625
2021-02-04,Nationalt,1422,5844847,3.25,190047
2021-02-05,Nationalt,1585,5844847,3.28,191632
2021-02-06,Nationalt,1020,5844847,3.30,192652
2021-02-07,Nationalt,1898,5844847,3.33,194550
2021-02-08,Nationalt,2532,5844847,3.37,197082
2021-02-09,Nationalt,3550,5844847,3.43,200632
2021-02-10,Nationalt,3271,5844847,3.49,203903
2021-02-11,Nationalt,5671,5844847,3.59,209574
2021-02-12,Nationalt,12048,5844847,3.79,221622
2021-02-13,Nationalt,6552,5844847,3.90,228174
2021-02-14,Nationalt,6218,5844847,4.01,234392
2021-02-15,Nationalt,13837,5844847,4.25,248229
2021-02-16,Nationalt,13238,5844847,4.47,261467
2021-02-17,Nationalt,10456,5844847,4.65,271923
2021-02-18,Nationalt,11466,5844847,4.85,283389
2021-02-19,Nationalt,13892,5844847,5.09,297281
2021-02-20,Nationalt,10498,5844847,5.27,307779
2021-02-21,Nationalt,10802,5844847,5.45,318581
2021-02-22,Nationalt,13514,5844847,5.68,332095
2021-02-23,Nationalt,14400,5844847,5.93,346495
2021-02-24,Nationalt,13701,5844847,6.16,360196
2021-02-25,Nationalt,14477,5844847,6.41,374673
2021-02-26,Nationalt,36001,5844847,7.03,410674
2021-02-27,Nationalt,6675,5844847,7.14,417349
2021-02-28,Nationalt,10994,5844847,7.33,428343
2021-03-01,Nationalt,19775,5844847,7.67,448118
2021-03-02,Nationalt,16710,5844847,7.95,464828
2021-03-03,Nationalt,13004,5844847,8.18,477832
2021-03-04,Nationalt,17423,5844847,8.47,495255
2021-03-05,Nationalt,16641,5844847,8.76,511896
2021-03-06,Nationalt,14646,5844847,9.01,526542
2021-03-07,Nationalt,12064,5844847,9.22,538606
2021-03-08,Nationalt,9617,5844847,9.38,548223
2021-03-09,Nationalt,10923,5844847,9.57,559146
2021-03-10,Nationalt,12084,5844847,9.77,571230
2021-03-11,Nationalt,4581,5844847,9.85,575811
2021-03-12,Nationalt,3375,5844847,9.91,579186
2021-03-13,Nationalt,4543,5844847,9.99,583729
2021-03-14,Nationalt,1234,5844847,10.0,584963
2021-03-15,Nationalt,2834,5844847,10.1,587797
2021-03-16,Nationalt,6834,5844847,10.2,594631
2021-03-17,Nationalt,10780,5844847,10.4,605411
2021-03-18,Nationalt,14713,5844847,10.6,620124
2021-03-19,Nationalt,7871,5844847,10.7,627995
2021-03-20,Nationalt,2950,5844847,10.8,630945
2021-03-21,Nationalt,4979,5844847,10.9,635924
2021-03-22,Nationalt,4093,5844847,11.0,640017
2021-03-23,Nationalt,6129,5844847,11.1,646146
2021-03-24,Nationalt,9867,5844847,11.2,656013
2021-03-25,Nationalt,7764,5844847,11.4,663777
2021-03-26,Nationalt,6166,5844847,11.5,669943
2021-03-27,Nationalt,9998,5844847,11.6,679941
2021-03-28,Nationalt,10813,5844847,11.8,690754
2021-03-29,Nationalt,17973,5844847,12.1,708727
2021-03-30,Nationalt,21680,5844847,12.5,730407
2021-03-31,Nationalt,13096,5844847,12.7,743503
2021-04-01,Nationalt,4179,5844847,12.8,747682
2021-04-02,Nationalt,4887,5844847,12.9,752569
2021-04-03,Nationalt,12123,5844847,13.1,764692
2021-04-04,Nationalt,11696,5844847,13.3,776388
2021-04-05,Nationalt,12306,5844847,13.5,788694
2021-04-06,Nationalt,16001,5844847,13.8,804695
2021-04-07,Nationalt,16577,5844847,14.1,821272
2021-04-08,Nationalt,13691,5844847,14.3,834963
2021-04-09,Nationalt,16478,5844847,14.6,851441
2021-04-10,Nationalt,16750,5844847,14.9,868191
2021-04-11,Nationalt,14881,5844847,15.1,883072
2021-04-12,Nationalt,93972,5844847,16.7,977044
2021-04-13,Nationalt,18494,5844847,17.0,995538
2021-04-14,Nationalt,11396,5844847,17.2,1006934
2021-04-15,Nationalt,15260,5844847,17.5,1022194
2021-04-16,Nationalt,17404,5844847,17.8,1039598
2021-04-17,Nationalt,18796,5844847,18.1,1058394
2021-04-18,Nationalt,14492,5844847,18.4,1072886
2021-04-19,Nationalt,24757,5844847,18.8,1097643
2021-04-20,Nationalt,21960,5844847,19.2,1119603
2021-04-21,Nationalt,22455,5844847,19.5,1142058
2021-04-22,Nationalt,28112,5844847,20.0,1170170
