"dato";"kommunenavn";"sex";"Paabegyndt vacc. idag";"Faerdigvacc. idag";"Revacc. 1 idag";"Paabegyndt vacc. igaar";"Faerdigvacc. igaar";"Revacc. 1 igaar";"Paabegyndt vacc. difference";"Faerdigvaccineret difference";"Revacc. 1 difference"
2022-02-14;København;K;260793;255316;185038;260790;255270;184794;3;46;244
2022-02-14;København;M;247559;241815;173658;247548;241765;173473;11;50;185
2022-02-14;Frederiksberg;K;46160;45378;35033;46159;45375;35008;1;3;25
2022-02-14;Frederiksberg;M;40586;39731;30093;40585;39727;30075;1;4;18
2022-02-14;Ballerup;K;20249;19808;15211;20249;19805;15207;0;3;4
2022-02-14;Ballerup;M;18792;18374;13608;18791;18372;13604;1;2;4
2022-02-14;Brøndby;K;13432;13056;9536;13431;13054;9529;1;2;7
2022-02-14;Brøndby;M;12454;12084;8609;12453;12083;8604;1;1;5
2022-02-14;Dragør;K;6336;6190;4817;6336;6190;4814;0;0;3
2022-02-14;Dragør;M;5928;5791;4346;5928;5791;4345;0;0;1
2022-02-14;Gentofte;K;32789;32193;24696;32788;32192;24687;1;1;9
2022-02-14;Gentofte;M;29468;28840;21581;29467;28836;21567;1;4;14
2022-02-14;Gladsaxe;K;28251;27649;20623;28250;27645;20608;1;4;15
2022-02-14;Gladsaxe;M;27306;26642;19226;27304;26637;19208;2;5;18
2022-02-14;Glostrup;K;9310;9102;6802;9310;9100;6800;0;2;2
2022-02-14;Glostrup;M;8947;8736;6262;8946;8734;6254;1;2;8
2022-02-14;Herlev;K;11792;11514;8691;11792;11511;8690;0;3;1
2022-02-14;Herlev;M;10863;10575;7646;10863;10572;7643;0;3;3
2022-02-14;Albertslund;K;10555;10246;7248;10555;10244;7243;0;2;5
2022-02-14;Albertslund;M;10088;9753;6750;10087;9752;6746;1;1;4
2022-02-14;Hvidovre;K;21274;20710;15227;21273;20704;15220;1;6;7
2022-02-14;Hvidovre;M;20228;19682;14092;20228;19678;14086;0;4;6
2022-02-14;Høje Tåstrup;K;20026;19543;14168;20025;19542;14159;1;1;9
2022-02-14;Høje Tåstrup;M;19716;19202;13593;19716;19191;13586;0;11;7
2022-02-14;Lyngby-Taarbæk;K;24873;24371;18831;24870;24366;18816;3;5;15
2022-02-14;Lyngby-Taarbæk;M;23753;23178;17232;23753;23176;17219;0;2;13
2022-02-14;Rødovre;K;16707;16318;12159;16707;16313;12151;0;5;8
2022-02-14;Rødovre;M;15432;14999;10724;15430;14994;10718;2;5;6
2022-02-14;Ishøj;K;8229;7985;5446;8229;7984;5442;0;1;4
2022-02-14;Ishøj;M;7955;7706;5208;7954;7706;5206;1;0;2
2022-02-14;Tårnby;K;17561;17217;13017;17560;17215;13009;1;2;8
2022-02-14;Tårnby;M;16697;16287;11870;16697;16286;11867;0;1;3
2022-02-14;Vallensbæk;K;6383;6220;4524;6382;6219;4522;1;1;2
2022-02-14;Vallensbæk;M;6181;6021;4287;6181;6021;4287;0;0;0
2022-02-14;Furesø;K;17675;17317;13360;17674;17314;13356;1;3;4
2022-02-14;Furesø;M;16564;16207;12097;16562;16205;12093;2;2;4
2022-02-14;Allerød;K;11285;11102;8635;11285;11100;8630;0;2;5
2022-02-14;Allerød;M;10725;10521;8037;10725;10520;8037;0;1;0
2022-02-14;Fredensborg;K;17496;17203;13260;17496;17201;13258;0;2;2
2022-02-14;Fredensborg;M;16084;15746;11976;16084;15745;11976;0;1;0
2022-02-14;Helsingør;K;26976;26522;20916;26976;26521;20914;0;1;2
2022-02-14;Helsingør;M;24731;24228;18546;24731;24228;18542;0;0;4
2022-02-14;Hillerød;K;22693;22335;17206;22693;22333;17199;0;2;7
2022-02-14;Hillerød;M;21405;20963;15783;21405;20962;15767;0;1;16
2022-02-14;Hørsholm;K;11302;11132;8872;11301;11130;8869;1;2;3
2022-02-14;Hørsholm;M;9808;9623;7490;9807;9623;7485;1;0;5
2022-02-14;Rudersdal;K;24968;24510;19156;24968;24507;19148;0;3;8
2022-02-14;Rudersdal;M;23492;23031;17573;23492;23026;17567;0;5;6
2022-02-14;Egedal;K;18806;18496;14024;18805;18492;14015;1;4;9
2022-02-14;Egedal;M;18169;17827;13206;18169;17825;13204;0;2;2
2022-02-14;Frederikssund;K;19726;19416;15307;19726;19414;15306;0;2;1
2022-02-14;Frederikssund;M;18795;18419;14029;18795;18413;14029;0;6;0
2022-02-14;Greve;K;20864;20470;15481;20864;20467;15476;0;3;5
2022-02-14;Greve;M;19916;19494;14478;19915;19491;14474;1;3;4
2022-02-14;Køge;K;25707;25223;19489;25707;25216;19479;0;7;10
2022-02-14;Køge;M;24761;24230;18112;24760;24225;18106;1;5;6
2022-02-14;Halsnæs;K;13236;12989;10323;13236;12989;10318;0;0;5
2022-02-14;Halsnæs;M;12767;12512;9732;12767;12510;9729;0;2;3
2022-02-14;Roskilde;K;38687;38058;29508;38686;38053;29497;1;5;11
2022-02-14;Roskilde;M;36443;35771;26847;36442;35761;26834;1;10;13
2022-02-14;Solrød;K;9985;9815;7412;9985;9813;7407;0;2;5
2022-02-14;Solrød;M;9515;9318;6973;9515;9316;6966;0;2;7
2022-02-14;Gribskov;K;17314;17042;13627;17313;17035;13626;1;7;1
2022-02-14;Gribskov;M;16868;16562;12949;16868;16561;12948;0;1;1
2022-02-14;Odsherred;K;13913;13700;11199;13913;13698;11197;0;2;2
2022-02-14;Odsherred;M;13732;13557;10702;13732;13556;10701;0;1;1
2022-02-14;Holbæk;K;30880;30391;23575;30880;30386;23565;0;5;10
2022-02-14;Holbæk;M;29849;29306;21944;29849;29299;21936;0;7;8
2022-02-14;Faxe;K;15198;14934;11731;15198;14932;11730;0;2;1
2022-02-14;Faxe;M;15241;14949;11317;15241;14946;11315;0;3;2
2022-02-14;Kalundborg;K;19966;19651;15617;19965;19650;15613;1;1;4
2022-02-14;Kalundborg;M;19845;19498;14873;19845;19496;14873;0;2;0
2022-02-14;Ringsted;K;14261;14003;10760;14261;14002;10760;0;1;0
2022-02-14;Ringsted;M;13971;13721;10221;13971;13720;10221;0;1;0
2022-02-14;Slagelse;K;33054;32414;25343;33054;32409;25331;0;5;12
2022-02-14;Slagelse;M;31996;31412;23718;31996;31410;23712;0;2;6
2022-02-14;Stevns;K;9729;9556;7638;9729;9554;7628;0;2;10
2022-02-14;Stevns;M;9770;9583;7407;9769;9580;7392;1;3;15
2022-02-14;Sorø;K;12716;12544;9855;12715;12543;9854;1;1;1
2022-02-14;Sorø;M;12460;12259;9249;12460;12259;9248;0;0;1
2022-02-14;Lejre;K;12028;11826;9164;12028;11824;9164;0;2;0
2022-02-14;Lejre;M;11702;11533;8839;11702;11530;8838;0;3;1
2022-02-14;Lolland;K;16471;16231;13068;16471;16231;13068;0;0;0
2022-02-14;Lolland;M;16364;16090;12500;16364;16090;12495;0;0;5
2022-02-14;Næstved;K;35341;34798;27152;35340;34797;27141;1;1;11
2022-02-14;Næstved;M;33990;33405;25158;33988;33397;25149;2;8;9
2022-02-14;Guldborgsund;K;25157;24817;19815;25157;24817;19808;0;0;7
2022-02-14;Guldborgsund;M;24592;24203;18718;24592;24203;18712;0;0;6
2022-02-14;Vordingborg;K;18940;18658;14899;18940;18654;14882;0;4;17
2022-02-14;Vordingborg;M;18503;18149;14013;18502;18146;13999;1;3;14
2022-02-14;Bornholm;K;17304;17040;14048;17304;17040;14048;0;0;0
2022-02-14;Bornholm;M;16758;16469;13108;16758;16469;13108;0;0;0
2022-02-14;Middelfart;K;17096;16857;13448;17096;16856;13448;0;1;0
2022-02-14;Middelfart;M;16826;16557;12855;16826;16556;12853;0;1;2
2022-02-14;Assens;K;17538;17267;13672;17538;17267;13667;0;0;5
2022-02-14;Assens;M;17460;17163;13103;17460;17157;13093;0;6;10
2022-02-14;Faaborg-Midtfyn;K;22243;21884;17190;22243;21882;17187;0;2;3
2022-02-14;Faaborg-Midtfyn;M;22025;21634;16517;22025;21632;16514;0;2;3
2022-02-14;Kerteminde;K;10487;10313;8207;10487;10313;8206;0;0;1
2022-02-14;Kerteminde;M;10040;9862;7606;10040;9862;7606;0;0;0
2022-02-14;Nyborg;K;14028;13804;10912;14028;13804;10910;0;0;2
2022-02-14;Nyborg;M;13514;13294;10231;13514;13294;10230;0;0;1
2022-02-14;Odense;K;88203;86667;66619;88200;86662;66574;3;5;45
2022-02-14;Odense;M;84102;82468;61154;84099;82459;61117;3;9;37
2022-02-14;Svendborg;K;25608;25237;19969;25608;25237;19967;0;0;2
2022-02-14;Svendborg;M;25001;24585;18633;25001;24585;18632;0;0;1
2022-02-14;Nordfyn;K;12557;12336;9691;12557;12336;9691;0;0;0
2022-02-14;Nordfyn;M;12431;12205;9255;12431;12204;9255;0;1;0
2022-02-14;Langeland;K;5289;5233;4356;5289;5233;4356;0;0;0
2022-02-14;Langeland;M;5293;5216;4250;5293;5216;4250;0;0;0
2022-02-14;Ærø;K;2633;2594;2223;2633;2594;2222;0;0;1
2022-02-14;Ærø;M;2642;2595;2156;2642;2595;2156;0;0;0
2022-02-14;Haderslev;K;22946;22586;17517;22946;22586;17509;0;0;8
2022-02-14;Haderslev;M;22691;22284;16676;22691;22283;16667;0;1;9
2022-02-14;Billund;K;11061;10894;8470;11061;10894;8468;0;0;2
2022-02-14;Billund;M;11141;10961;8360;11141;10960;8353;0;1;7
2022-02-14;Sønderborg;K;31145;30667;24231;31145;30663;24225;0;4;6
2022-02-14;Sønderborg;M;30528;30014;22939;30527;30011;22933;1;3;6
2022-02-14;Tønder;K;15061;14839;11652;15061;14838;11650;0;1;2
2022-02-14;Tønder;M;14904;14640;11029;14904;14640;11028;0;0;1
2022-02-14;Esbjerg;K;48178;47418;36712;48178;47416;36706;0;2;6
2022-02-14;Esbjerg;M;47608;46805;34974;47608;46804;34966;0;1;8
2022-02-14;Fanø;K;1533;1518;1258;1533;1518;1258;0;0;0
2022-02-14;Fanø;M;1429;1409;1142;1429;1409;1142;0;0;0
2022-02-14;Varde;K;20513;20159;15830;20511;20157;15829;2;2;1
2022-02-14;Varde;M;20697;20328;15518;20697;20327;15515;0;1;3
2022-02-14;Vejen;K;17370;17099;13134;17370;17099;13131;0;0;3
2022-02-14;Vejen;M;17602;17249;12776;17602;17248;12770;0;1;6
2022-02-14;Aabenraa;K;23883;23561;18408;23883;23559;18398;0;2;10
2022-02-14;Aabenraa;M;23385;23013;17422;23385;23012;17417;0;1;5
2022-02-14;Fredericia;K;21806;21463;16807;21805;21456;16794;1;7;13
2022-02-14;Fredericia;M;21286;20913;15984;21286;20912;15973;0;1;11
2022-02-14;Horsens;K;38924;38354;29203;38924;38354;29203;0;0;0
2022-02-14;Horsens;M;38204;37492;27656;38204;37492;27656;0;0;0
2022-02-14;Kolding;K;39001;38411;28913;39001;38409;28906;0;2;7
2022-02-14;Kolding;M;38021;37367;27431;38021;37363;27420;0;4;11
2022-02-14;Vejle;K;49399;48626;36817;49399;48624;36805;0;2;12
2022-02-14;Vejle;M;48583;47707;35123;48583;47704;35110;0;3;13
2022-02-14;Herning;K;37468;36878;28161;37468;36878;28160;0;0;1
2022-02-14;Herning;M;37244;36599;27171;37244;36599;27171;0;0;0
2022-02-14;Holstebro;K;24989;24587;18973;24989;24587;18973;0;0;0
2022-02-14;Holstebro;M;24473;24009;17772;24473;24009;17772;0;0;0
2022-02-14;Lemvig;K;8177;8080;6487;8177;8080;6487;0;0;0
2022-02-14;Lemvig;M;8383;8266;6496;8383;8266;6496;0;0;0
2022-02-14;Struer;K;8944;8800;6988;8944;8800;6988;0;0;0
2022-02-14;Struer;M;8914;8770;6670;8913;8770;6670;1;0;0
2022-02-14;Syddjurs;K;18614;18322;14597;18614;18322;14597;0;0;0
2022-02-14;Syddjurs;M;18351;18058;14134;18351;18057;14134;0;1;0
2022-02-14;Norddjurs;K;15443;15221;12333;15443;15220;12333;0;1;0
2022-02-14;Norddjurs;M;15844;15574;12132;15844;15573;12131;0;1;1
2022-02-14;Favrskov;K;20765;20401;15548;20765;20401;15548;0;0;0
2022-02-14;Favrskov;M;20658;20283;15157;20658;20283;15157;0;0;0
2022-02-14;Odder;K;10196;10053;8113;10196;10053;8113;0;0;0
2022-02-14;Odder;M;9797;9630;7539;9797;9630;7539;0;0;0
2022-02-14;Randers;K;41859;41170;31846;41859;41170;31846;0;0;0
2022-02-14;Randers;M;40773;40039;30149;40773;40039;30149;0;0;0
2022-02-14;Silkeborg;K;41023;40315;30989;41023;40315;30987;0;0;2
2022-02-14;Silkeborg;M;40046;39318;29750;40046;39318;29750;0;0;0
2022-02-14;Samsø;K;1640;1625;1372;1640;1625;1372;0;0;0
2022-02-14;Samsø;M;1608;1590;1299;1608;1590;1299;0;0;0
2022-02-14;Skanderborg;K;27337;26830;20586;27337;26830;20584;0;0;2
2022-02-14;Skanderborg;M;26630;26081;19736;26630;26081;19734;0;0;2
2022-02-14;Århus;K;151753;149016;115455;151751;149008;115393;2;8;62
2022-02-14;Århus;M;144290;141317;106431;144289;141312;106374;1;5;57
2022-02-14;Ikast-Brande;K;17101;16836;12784;17100;16836;12784;1;0;0
2022-02-14;Ikast-Brande;M;17282;17003;12566;17282;17003;12562;0;0;4
2022-02-14;Ringkøbing-Skjern;K;23316;22958;17869;23316;22958;17869;0;0;0
2022-02-14;Ringkøbing-Skjern;M;23609;23214;17551;23609;23214;17551;0;0;0
2022-02-14;Hedensted;K;19612;19355;15101;19612;19355;15101;0;0;0
2022-02-14;Hedensted;M;19999;19718;14802;19999;19717;14802;0;1;0
2022-02-14;Morsø;K;8530;8371;6606;8530;8371;6600;0;0;6
2022-02-14;Morsø;M;8536;8381;6350;8536;8381;6346;0;0;4
2022-02-14;Skive;K;19239;18964;14795;19239;18964;14795;0;0;0
2022-02-14;Skive;M;19585;19278;14678;19585;19278;14676;0;0;2
2022-02-14;Thisted;K;18237;17948;14216;18236;17946;14181;1;2;35
2022-02-14;Thisted;M;18125;17789;13606;18123;17786;13564;2;3;42
2022-02-14;Viborg;K;41148;40505;31084;41148;40505;31082;0;0;2
2022-02-14;Viborg;M;40933;40188;29786;40933;40188;29786;0;0;0
2022-02-14;Brønderslev;K;15242;14987;11613;15242;14983;11610;0;4;3
2022-02-14;Brønderslev;M;15286;14993;11162;15285;14989;11158;1;4;4
2022-02-14;Frederikshavn;K;25230;24898;20041;25229;24893;20041;1;5;0
2022-02-14;Frederikshavn;M;24961;24538;19095;24960;24534;19094;1;4;1
2022-02-14;Vesthimmerland;K;15010;14773;11609;15010;14772;11607;0;1;2
2022-02-14;Vesthimmerland;M;15058;14779;11156;15058;14779;11156;0;0;0
2022-02-14;Læsø;K;768;759;654;768;759;654;0;0;0
2022-02-14;Læsø;M;766;759;655;766;759;655;0;0;0
2022-02-14;Rebild;K;12666;12442;9482;12665;12441;9481;1;1;1
2022-02-14;Rebild;M;12825;12563;9422;12825;12562;9419;0;1;3
2022-02-14;Mariagerfjord;K;17434;17104;13509;17434;17104;13507;0;0;2
2022-02-14;Mariagerfjord;M;17803;17449;13322;17803;17449;13322;0;0;0
2022-02-14;Jammerbugt;K;16140;15856;12534;16139;15854;12529;1;2;5
2022-02-14;Jammerbugt;M;16196;15883;12141;16196;15881;12139;0;2;2
2022-02-14;Aalborg;K;93188;91623;70954;93187;91601;70899;1;22;55
2022-02-14;Aalborg;M;93267;91435;68270;93266;91415;68227;1;20;43
2022-02-14;Hjørring;K;27519;27126;21330;27518;27109;21311;1;17;19
2022-02-14;Hjørring;M;26980;26516;19992;26979;26506;19968;1;10;24
