"Vaccinedato";"geo";"Antal påbegyndt vacc. personer";"Antal borgere";"Påbegyndtvacc. (%)";"Kumuleret antal påbegyndt vacc."
2020-12-01;Nationalt;1;5874142;0.00;1
2020-12-08;Nationalt;1;5874142;0.00;2
2020-12-16;Nationalt;1;5874142;0.00;3
2020-12-17;Nationalt;1;5874142;0.00;4
2020-12-18;Nationalt;1;5874142;0.00;5
2020-12-19;Nationalt;1;5874142;0.00;6
2020-12-21;Nationalt;3;5874142;0.00;9
2020-12-22;Nationalt;4;5874142;0.00;13
2020-12-23;Nationalt;4;5874142;0.00;17
2020-12-24;Nationalt;4;5874142;0.00;21
2020-12-26;Nationalt;5;5874142;0.00;26
2020-12-27;Nationalt;5905;5874142;0.10;5931
2020-12-28;Nationalt;1936;5874142;0.13;7867
2020-12-29;Nationalt;8345;5874142;0.28;16212
2020-12-30;Nationalt;10660;5874142;0.46;26872
2020-12-31;Nationalt;5607;5874142;0.55;32479
2021-01-01;Nationalt;2127;5874142;0.59;34606
2021-01-02;Nationalt;7993;5874142;0.73;42599
2021-01-03;Nationalt;5297;5874142;0.82;47896
2021-01-04;Nationalt;2345;5874142;0.86;50241
2021-01-05;Nationalt;12467;5874142;1.07;62708
2021-01-06;Nationalt;18033;5874142;1.37;80741
2021-01-07;Nationalt;15977;5874142;1.65;96718
2021-01-08;Nationalt;7751;5874142;1.78;104469
2021-01-09;Nationalt;1845;5874142;1.81;106314
2021-01-10;Nationalt;819;5874142;1.82;107133
2021-01-11;Nationalt;664;5874142;1.84;107797
2021-01-12;Nationalt;466;5874142;1.84;108263
2021-01-13;Nationalt;12143;5874142;2.05;120406
2021-01-14;Nationalt;16889;5874142;2.34;137295
2021-01-15;Nationalt;14258;5874142;2.58;151553
2021-01-16;Nationalt;4336;5874142;2.65;155889
2021-01-17;Nationalt;2303;5874142;2.69;158192
2021-01-18;Nationalt;3631;5874142;2.75;161823
2021-01-19;Nationalt;2339;5874142;2.79;164162
2021-01-20;Nationalt;1424;5874142;2.82;165586
2021-01-21;Nationalt;1464;5874142;2.84;167050
2021-01-22;Nationalt;645;5874142;2.85;167695
2021-01-23;Nationalt;685;5874142;2.87;168380
2021-01-24;Nationalt;564;5874142;2.88;168944
2021-01-25;Nationalt;279;5874142;2.88;169223
2021-01-26;Nationalt;213;5874142;2.88;169436
2021-01-27;Nationalt;203;5874142;2.89;169639
2021-01-28;Nationalt;234;5874142;2.89;169873
2021-01-29;Nationalt;1044;5874142;2.91;170917
2021-01-30;Nationalt;1126;5874142;2.93;172043
2021-01-31;Nationalt;1135;5874142;2.95;173178
2021-02-01;Nationalt;730;5874142;2.96;173908
2021-02-02;Nationalt;1884;5874142;2.99;175792
2021-02-03;Nationalt;1412;5874142;3.02;177204
2021-02-04;Nationalt;1336;5874142;3.04;178540
2021-02-05;Nationalt;1521;5874142;3.07;180061
2021-02-06;Nationalt;963;5874142;3.08;181024
2021-02-07;Nationalt;1768;5874142;3.11;182792
2021-02-08;Nationalt;2379;5874142;3.15;185171
2021-02-09;Nationalt;3402;5874142;3.21;188573
2021-02-10;Nationalt;3201;5874142;3.26;191774
2021-02-11;Nationalt;5615;5874142;3.36;197389
2021-02-12;Nationalt;11873;5874142;3.56;209262
2021-02-13;Nationalt;6360;5874142;3.67;215622
2021-02-14;Nationalt;6047;5874142;3.77;221669
2021-02-15;Nationalt;13328;5874142;4.00;234997
2021-02-16;Nationalt;12803;5874142;4.22;247800
2021-02-17;Nationalt;10116;5874142;4.39;257916
2021-02-18;Nationalt;11231;5874142;4.58;269147
2021-02-19;Nationalt;13559;5874142;4.81;282706
2021-02-20;Nationalt;10144;5874142;4.99;292850
2021-02-21;Nationalt;10463;5874142;5.16;303313
2021-02-22;Nationalt;13193;5874142;5.39;316506
2021-02-23;Nationalt;14072;5874142;5.63;330578
2021-02-24;Nationalt;13407;5874142;5.86;343985
2021-02-25;Nationalt;14377;5874142;6.10;358362
2021-02-26;Nationalt;35454;5874142;6.70;393816
2021-02-27;Nationalt;6503;5874142;6.81;400319
2021-02-28;Nationalt;10652;5874142;7.00;410971
2021-03-01;Nationalt;19303;5874142;7.32;430274
2021-03-02;Nationalt;16459;5874142;7.61;446733
2021-03-03;Nationalt;12869;5874142;7.82;459602
2021-03-04;Nationalt;17275;5874142;8.12;476877
2021-03-05;Nationalt;16338;5874142;8.40;493215
2021-03-06;Nationalt;14400;5874142;8.64;507615
2021-03-07;Nationalt;11765;5874142;8.84;519380
2021-03-08;Nationalt;9421;5874142;9.00;528801
2021-03-09;Nationalt;10745;5874142;9.19;539546
2021-03-10;Nationalt;11884;5874142;9.39;551430
2021-03-11;Nationalt;4439;5874142;9.46;555869
2021-03-12;Nationalt;3254;5874142;9.52;559123
2021-03-13;Nationalt;4454;5874142;9.59;563577
2021-03-14;Nationalt;1212;5874142;9.61;564789
2021-03-15;Nationalt;2766;5874142;9.66;567555
2021-03-16;Nationalt;6683;5874142;9.78;574238
2021-03-17;Nationalt;10578;5874142;9.96;584816
2021-03-18;Nationalt;14451;5874142;10.2;599267
2021-03-19;Nationalt;7738;5874142;10.3;607005
2021-03-20;Nationalt;2960;5874142;10.4;609965
2021-03-21;Nationalt;4924;5874142;10.5;614889
2021-03-22;Nationalt;4064;5874142;10.5;618953
2021-03-23;Nationalt;6027;5874142;10.6;624980
2021-03-24;Nationalt;9740;5874142;10.8;634720
2021-03-25;Nationalt;7664;5874142;10.9;642384
2021-03-26;Nationalt;6116;5874142;11.0;648500
2021-03-27;Nationalt;9878;5874142;11.2;658378
2021-03-28;Nationalt;10677;5874142;11.4;669055
2021-03-29;Nationalt;17799;5874142;11.7;686854
2021-03-30;Nationalt;21430;5874142;12.1;708284
2021-03-31;Nationalt;12973;5874142;12.3;721257
2021-04-01;Nationalt;4211;5874142;12.4;725468
2021-04-02;Nationalt;4885;5874142;12.4;730353
2021-04-03;Nationalt;12032;5874142;12.6;742385
2021-04-04;Nationalt;11596;5874142;12.8;753981
2021-04-05;Nationalt;12249;5874142;13.0;766230
2021-04-06;Nationalt;15930;5874142;13.3;782160
2021-04-07;Nationalt;16553;5874142;13.6;798713
2021-04-08;Nationalt;13725;5874142;13.8;812438
2021-04-09;Nationalt;16398;5874142;14.1;828836
2021-04-10;Nationalt;16689;5874142;14.4;845525
2021-04-11;Nationalt;14853;5874142;14.6;860378
2021-04-12;Nationalt;93606;5874142;16.2;953984
2021-04-13;Nationalt;18491;5874142;16.6;972475
2021-04-14;Nationalt;11438;5874142;16.7;983913
2021-04-15;Nationalt;15266;5874142;17.0;999179
2021-04-16;Nationalt;17359;5874142;17.3;1016538
2021-04-17;Nationalt;18748;5874142;17.6;1035286
2021-04-18;Nationalt;14466;5874142;17.9;1049752
2021-04-19;Nationalt;24773;5874142;18.3;1074525
2021-04-20;Nationalt;21973;5874142;18.7;1096498
2021-04-21;Nationalt;22486;5874142;19.0;1118984
2021-04-22;Nationalt;28201;5874142;19.5;1147185
2021-04-23;Nationalt;22133;5874142;19.9;1169318
2021-04-24;Nationalt;14870;5874142;20.2;1184188
2021-04-25;Nationalt;15180;5874142;20.4;1199368
2021-04-26;Nationalt;31424;5874142;21.0;1230792
2021-04-27;Nationalt;26493;5874142;21.4;1257285
2021-04-28;Nationalt;24068;5874142;21.8;1281353
2021-04-29;Nationalt;25867;5874142;22.3;1307220
2021-04-30;Nationalt;13430;5874142;22.5;1320650
2021-05-01;Nationalt;7317;5874142;22.6;1327967
2021-05-02;Nationalt;16636;5874142;22.9;1344603
2021-05-03;Nationalt;20430;5874142;23.2;1365033
2021-05-04;Nationalt;27619;5874142;23.7;1392652
2021-05-05;Nationalt;26787;5874142;24.2;1419439
2021-05-06;Nationalt;21523;5874142;24.5;1440962
2021-05-07;Nationalt;16477;5874142;24.8;1457439
2021-05-08;Nationalt;9485;5874142;25.0;1466924
2021-05-09;Nationalt;15909;5874142;25.2;1482833
2021-05-10;Nationalt;26553;5874142;25.7;1509386
2021-05-11;Nationalt;29678;5874142;26.2;1539064
2021-05-12;Nationalt;26182;5874142;26.6;1565246
2021-05-13;Nationalt;19703;5874142;27.0;1584949
2021-05-14;Nationalt;20612;5874142;27.3;1605561
2021-05-15;Nationalt;15428;5874142;27.6;1620989
2021-05-16;Nationalt;19957;5874142;27.9;1640946
2021-05-17;Nationalt;31042;5874142;28.5;1671988
2021-05-18;Nationalt;29584;5874142;29.0;1701572
2021-05-19;Nationalt;31752;5874142;29.5;1733324
2021-05-20;Nationalt;32483;5874142;30.1;1765807
2021-05-21;Nationalt;35283;5874142;30.7;1801090
2021-05-22;Nationalt;25946;5874142;31.1;1827036
2021-05-23;Nationalt;22554;5874142;31.5;1849590
2021-05-24;Nationalt;23433;5874142;31.9;1873023
2021-05-25;Nationalt;43451;5874142;32.6;1916474
2021-05-26;Nationalt;47391;5874142;33.4;1963865
2021-05-27;Nationalt;49312;5874142;34.3;2013177
2021-05-28;Nationalt;41004;5874142;35.0;2054181
2021-05-29;Nationalt;29805;5874142;35.5;2083986
2021-05-30;Nationalt;25818;5874142;35.9;2109804
2021-05-31;Nationalt;36131;5874142;36.5;2145935
2021-06-01;Nationalt;39751;5874142;37.2;2185686
2021-06-02;Nationalt;42645;5874142;37.9;2228331
2021-06-03;Nationalt;36203;5874142;38.6;2264534
2021-06-04;Nationalt;41369;5874142;39.3;2305903
2021-06-05;Nationalt;34948;5874142;39.9;2340851
2021-06-06;Nationalt;29939;5874142;40.4;2370790
2021-06-07;Nationalt;53558;5874142;41.3;2424348
2021-06-08;Nationalt;53514;5874142;42.2;2477862
2021-06-09;Nationalt;52787;5874142;43.1;2530649
2021-06-10;Nationalt;58832;5874142;44.1;2589481
2021-06-11;Nationalt;48434;5874142;44.9;2637915
2021-06-12;Nationalt;33486;5874142;45.5;2671401
2021-06-13;Nationalt;33552;5874142;46.0;2704953
2021-06-14;Nationalt;52417;5874142;46.9;2757370
2021-06-15;Nationalt;60289;5874142;48.0;2817659
2021-06-16;Nationalt;51856;5874142;48.8;2869515
2021-06-17;Nationalt;50938;5874142;49.7;2920453
2021-06-18;Nationalt;34894;5874142;50.3;2955347
2021-06-19;Nationalt;23671;5874142;50.7;2979018
2021-06-20;Nationalt;29091;5874142;51.2;3008109
2021-06-21;Nationalt;39410;5874142;51.9;3047519
2021-06-22;Nationalt;46380;5874142;52.7;3093899
2021-06-23;Nationalt;38391;5874142;53.3;3132290
2021-06-24;Nationalt;33776;5874142;53.9;3166066
2021-06-25;Nationalt;29081;5874142;54.4;3195147
2021-06-26;Nationalt;19025;5874142;54.7;3214172
2021-06-27;Nationalt;16114;5874142;55.0;3230286
2021-06-28;Nationalt;30554;5874142;55.5;3260840
2021-06-29;Nationalt;30516;5874142;56.0;3291356
2021-06-30;Nationalt;32760;5874142;56.6;3324116
2021-07-01;Nationalt;31688;5874142;57.1;3355804
2021-07-02;Nationalt;19596;5874142;57.5;3375400
2021-07-03;Nationalt;11576;5874142;57.7;3386976
2021-07-04;Nationalt;12821;5874142;57.9;3399797
2021-07-05;Nationalt;32533;5874142;58.4;3432330
2021-07-06;Nationalt;40220;5874142;59.1;3472550
2021-07-07;Nationalt;46393;5874142;59.9;3518943
2021-07-08;Nationalt;47197;5874142;60.7;3566140
2021-07-09;Nationalt;45056;5874142;61.5;3611196
2021-07-10;Nationalt;30746;5874142;62.0;3641942
2021-07-11;Nationalt;34611;5874142;62.6;3676553
2021-07-12;Nationalt;35531;5874142;63.2;3712084
2021-07-13;Nationalt;40731;5874142;63.9;3752815
2021-07-14;Nationalt;43091;5874142;64.6;3795906
2021-07-15;Nationalt;33109;5874142;65.2;3829015
2021-07-16;Nationalt;30082;5874142;65.7;3859097
2021-07-17;Nationalt;24390;5874142;66.1;3883487
2021-07-18;Nationalt;20390;5874142;66.5;3903877
2021-07-19;Nationalt;32607;5874142;67.0;3936484
2021-07-20;Nationalt;33049;5874142;67.6;3969533
2021-07-21;Nationalt;30103;5874142;68.1;3999636
2021-07-22;Nationalt;24391;5874142;68.5;4024027
2021-07-23;Nationalt;24803;5874142;68.9;4048830
2021-07-24;Nationalt;17582;5874142;69.2;4066412
2021-07-25;Nationalt;13426;5874142;69.5;4079838
2021-07-26;Nationalt;25049;5874142;69.9;4104887
2021-07-27;Nationalt;23147;5874142;70.3;4128034
2021-07-28;Nationalt;19040;5874142;70.6;4147074
2021-07-29;Nationalt;18874;5874142;70.9;4165948
2021-07-30;Nationalt;14243;5874142;71.2;4180191
2021-07-31;Nationalt;6495;5874142;71.3;4186686
2021-08-01;Nationalt;8821;5874142;71.4;4195507
2021-08-02;Nationalt;16383;5874142;71.7;4211890
2021-08-03;Nationalt;13550;5874142;71.9;4225440
2021-08-04;Nationalt;11448;5874142;72.1;4236888
2021-08-05;Nationalt;11496;5874142;72.3;4248384
2021-08-06;Nationalt;10002;5874142;72.5;4258386
2021-08-07;Nationalt;7766;5874142;72.6;4266152
2021-08-08;Nationalt;4119;5874142;72.7;4270271
2021-08-09;Nationalt;10025;5874142;72.9;4280296
2021-08-10;Nationalt;9927;5874142;73.0;4290223
2021-08-11;Nationalt;6268;5874142;73.1;4296491
2021-08-12;Nationalt;6029;5874142;73.2;4302520
2021-08-13;Nationalt;6450;5874142;73.4;4308970
2021-08-14;Nationalt;4336;5874142;73.4;4313306
2021-08-15;Nationalt;4516;5874142;73.5;4317822
2021-08-16;Nationalt;7272;5874142;73.6;4325094
2021-08-17;Nationalt;7187;5874142;73.8;4332281
2021-08-18;Nationalt;5562;5874142;73.8;4337843
2021-08-19;Nationalt;6207;5874142;74.0;4344050
2021-08-20;Nationalt;4976;5874142;74.0;4349026
2021-08-21;Nationalt;4541;5874142;74.1;4353567
2021-08-22;Nationalt;3037;5874142;74.2;4356604
2021-08-23;Nationalt;5685;5874142;74.3;4362289
2021-08-24;Nationalt;5824;5874142;74.4;4368113
2021-08-25;Nationalt;4974;5874142;74.4;4373087
2021-08-26;Nationalt;4496;5874142;74.5;4377583
2021-08-27;Nationalt;4643;5874142;74.6;4382226
2021-08-28;Nationalt;2716;5874142;74.6;4384942
2021-08-29;Nationalt;2408;5874142;74.7;4387350
2021-08-30;Nationalt;4104;5874142;74.8;4391454
2021-08-31;Nationalt;3673;5874142;74.8;4395127
2021-09-01;Nationalt;2982;5874142;74.9;4398109
2021-09-02;Nationalt;2926;5874142;74.9;4401035
2021-09-03;Nationalt;2664;5874142;75.0;4403699
2021-09-04;Nationalt;1836;5874142;75.0;4405535
2021-09-05;Nationalt;2110;5874142;75.0;4407645
2021-09-06;Nationalt;2162;5874142;75.1;4409807
2021-09-07;Nationalt;2244;5874142;75.1;4412051
2021-09-08;Nationalt;2314;5874142;75.1;4414365
2021-09-09;Nationalt;1963;5874142;75.2;4416328
2021-09-10;Nationalt;2134;5874142;75.2;4418462
2021-09-11;Nationalt;1828;5874142;75.2;4420290
2021-09-12;Nationalt;1356;5874142;75.3;4421646
2021-09-13;Nationalt;1910;5874142;75.3;4423556
2021-09-14;Nationalt;1793;5874142;75.3;4425349
2021-09-15;Nationalt;1750;5874142;75.4;4427099
2021-09-16;Nationalt;1658;5874142;75.4;4428757
2021-09-17;Nationalt;1615;5874142;75.4;4430372
2021-09-18;Nationalt;1122;5874142;75.4;4431494
2021-09-19;Nationalt;999;5874142;75.5;4432493
2021-09-20;Nationalt;1732;5874142;75.5;4434225
2021-09-21;Nationalt;1465;5874142;75.5;4435690
2021-09-22;Nationalt;1482;5874142;75.5;4437172
2021-09-23;Nationalt;1199;5874142;75.6;4438371
2021-09-24;Nationalt;1182;5874142;75.6;4439553
2021-09-25;Nationalt;895;5874142;75.6;4440448
2021-09-26;Nationalt;827;5874142;75.6;4441275
2021-09-27;Nationalt;1103;5874142;75.6;4442378
2021-09-28;Nationalt;1217;5874142;75.6;4443595
2021-09-29;Nationalt;1272;5874142;75.7;4444867
2021-09-30;Nationalt;1102;5874142;75.7;4445969
2021-10-01;Nationalt;1034;5874142;75.7;4447003
2021-10-02;Nationalt;706;5874142;75.7;4447709
2021-10-03;Nationalt;441;5874142;75.7;4448150
2021-10-04;Nationalt;783;5874142;75.7;4448933
2021-10-05;Nationalt;1198;5874142;75.8;4450131
2021-10-06;Nationalt;1350;5874142;75.8;4451481
2021-10-07;Nationalt;915;5874142;75.8;4452396
2021-10-08;Nationalt;1081;5874142;75.8;4453477
2021-10-09;Nationalt;739;5874142;75.8;4454216
2021-10-10;Nationalt;439;5874142;75.8;4454655
2021-10-11;Nationalt;758;5874142;75.8;4455413
2021-10-12;Nationalt;1151;5874142;75.9;4456564
2021-10-13;Nationalt;1129;5874142;75.9;4457693
2021-10-14;Nationalt;839;5874142;75.9;4458532
2021-10-15;Nationalt;1053;5874142;75.9;4459585
2021-10-16;Nationalt;668;5874142;75.9;4460253
2021-10-17;Nationalt;358;5874142;75.9;4460611
2021-10-18;Nationalt;787;5874142;75.9;4461398
2021-10-19;Nationalt;1148;5874142;76.0;4462546
2021-10-20;Nationalt;1199;5874142;76.0;4463745
2021-10-21;Nationalt;1139;5874142;76.0;4464884
2021-10-22;Nationalt;1228;5874142;76.0;4466112
2021-10-23;Nationalt;676;5874142;76.0;4466788
2021-10-24;Nationalt;529;5874142;76.1;4467317
2021-10-25;Nationalt;1124;5874142;76.1;4468441
2021-10-26;Nationalt;1560;5874142;76.1;4470001
2021-10-27;Nationalt;1743;5874142;76.1;4471744
2021-10-28;Nationalt;1666;5874142;76.2;4473410
2021-10-29;Nationalt;1597;5874142;76.2;4475007
2021-10-30;Nationalt;1051;5874142;76.2;4476058
2021-10-31;Nationalt;622;5874142;76.2;4476680
2021-11-01;Nationalt;1722;5874142;76.2;4478402
2021-11-02;Nationalt;1925;5874142;76.3;4480327
2021-11-03;Nationalt;2250;5874142;76.3;4482577
2021-11-04;Nationalt;1735;5874142;76.3;4484312
2021-11-05;Nationalt;2204;5874142;76.4;4486516
2021-11-06;Nationalt;1547;5874142;76.4;4488063
2021-11-07;Nationalt;874;5874142;76.4;4488937
2021-11-08;Nationalt;2466;5874142;76.5;4491403
2021-11-09;Nationalt;4919;5874142;76.5;4496322
2021-11-10;Nationalt;5299;5874142;76.6;4501621
2021-11-11;Nationalt;4274;5874142;76.7;4505895
2021-11-12;Nationalt;4314;5874142;76.8;4510209
2021-11-13;Nationalt;3179;5874142;76.8;4513388
2021-11-14;Nationalt;2361;5874142;76.9;4515749
2021-11-15;Nationalt;5226;5874142;77.0;4520975
2021-11-16;Nationalt;4473;5874142;77.0;4525448
2021-11-17;Nationalt;4177;5874142;77.1;4529625
2021-11-18;Nationalt;3469;5874142;77.2;4533094
2021-11-19;Nationalt;3206;5874142;77.2;4536300
2021-11-20;Nationalt;2245;5874142;77.3;4538545
2021-11-21;Nationalt;1324;5874142;77.3;4539869
2021-11-22;Nationalt;3107;5874142;77.3;4542976
2021-11-23;Nationalt;3083;5874142;77.4;4546059
2021-11-24;Nationalt;2825;5874142;77.4;4548884
2021-11-25;Nationalt;2779;5874142;77.5;4551663
2021-11-26;Nationalt;2736;5874142;77.5;4554399
2021-11-27;Nationalt;2226;5874142;77.6;4556625
2021-11-28;Nationalt;3269;5874142;77.6;4559894
2021-11-29;Nationalt;4073;5874142;77.7;4563967
2021-11-30;Nationalt;4893;5874142;77.8;4568860
2021-12-01;Nationalt;5069;5874142;77.9;4573929
2021-12-02;Nationalt;5570;5874142;78.0;4579499
2021-12-03;Nationalt;5153;5874142;78.0;4584652
2021-12-04;Nationalt;6186;5874142;78.2;4590838
2021-12-05;Nationalt;9489;5874142;78.3;4600327
2021-12-06;Nationalt;7610;5874142;78.4;4607937
2021-12-07;Nationalt;10145;5874142;78.6;4618082
2021-12-08;Nationalt;10850;5874142;78.8;4628932
2021-12-09;Nationalt;11075;5874142;79.0;4640007
2021-12-10;Nationalt;10276;5874142;79.2;4650283
2021-12-11;Nationalt;9379;5874142;79.3;4659662
2021-12-12;Nationalt;12446;5874142;79.5;4672108
2021-12-13;Nationalt;8929;5874142;79.7;4681037
2021-12-14;Nationalt;11014;5874142;79.9;4692051
2021-12-15;Nationalt;14265;5874142;80.1;4706316
2021-12-16;Nationalt;14868;5874142;80.4;4721184
2021-12-17;Nationalt;12993;5874142;80.6;4734177
2021-12-18;Nationalt;10728;5874142;80.8;4744905
2021-12-19;Nationalt;9700;5874142;80.9;4754605
2021-12-20;Nationalt;9486;5874142;81.1;4764091
